1011110010
0110
110
1010
110
0111
111100
1010
11100
11100
110
001001
1000
11100
11100
1010
00000
010
110
0110
010
0111
1001
11100
010
11101
110
1111011
010
1001
101100
010
010
0110
110
0011
0001
11100
11100
1000
0110
00000
110
11111
1000
11100
11100
0111
110
1010
0110
11101
110
11100
101101
0111
11111
110
00000
0011
010
010
0110
010
0011
1111010
000010
110
1001
11111
010
0011
010
110
11100
1000
001001
010
11101
110
1010
110
00101
0001
111100
111100
101101
0110
1000
1001
1111010
110
0001
101110
110
11101
1000
001001
010
0011
0111
010
110
1000
0110
11101
1000
001001
1000
11101
101101
1010
11100
0111
1011111
110
10111101
11111
010
110
001001
1000
11100
11100
1010
00000
010
0011
0111
000010
110
101100
1000
1001
11111
110
1001
11111
010
1000
0011
110
101101
0110
1000
000011100
101101
010
110
0111
1001
0001
0011
1000
010
0111
110
1010
0110
11101
110
1010
0111
001000
1000
0011
1010
1001
1000
0001
0110
0111
000010
110
00101
0001
010
000011110
1000
0111
1001
010
11101
110
1000
0110
110
11111
1010
0011
111100
0001
0110
1111010
1011111
110
10111100111
1010
00101
11111
110
11101
1010
1111010
000010
110
1001
11111
010
110
0111
101101
0110
110
101100
0001
101101
11100
11101
110
0011
1000
0111
010
000010
110
00101
1010
0111
1001
1000
0110
00000
110
1010
110
101100
1010
0011
111100
110
00000
11100
0001
101100
110
0001
0110
110
1001
11111
010
110
00101
0001
1111011
1111011
11100
010
0111
1001
0001
0110
010
110
001000
1010
1001
11111
0111
110
1001
11111
1010
1001
110
00101
0001
0110
0110
010
00101
1001
010
11101
110
1001
11111
010
110
000011100
101101
1010
1000
0110
1001
110
00101
0001
1001
1001
1010
00000
010
0111
1011111
10111101
11111
010
110
001001
1000
11100
11100
1010
00000
010
110
101100
1010
0111
110
00001101
0110
0001
101100
0110
110
101110
0001
0011
110
1000
1001
0111
110
001001
1000
1111011
0011
1010
0110
1001
110
111100
1010
0011
00001101
010
1001
001000
11100
1010
00101
010
000010
110
101100
11111
010
0011
010
110
11100
0001
00101
1010
11100
110
1010
0011
1001
1000
0111
1010
0110
0111
110
11101
1000
0111
001000
11100
1010
1111010
010
11101
110
1001
11111
010
1000
0011
110
00101
0011
1010
101110
1001
0111
000010
110
1010
0110
11101
110
101110
1010
0011
111100
010
0011
0111
110
1111011
0011
0001
101101
00000
11111
1001
110
101110
0011
010
0111
11111
110
001000
0011
0001
11101
101101
00101
010
1011111
110
10111101
11111
010
110
1010
1000
0011
110
101100
1010
0111
110
101110
1000
11100
11100
010
11101
110
101100
1000
1001
11111
110
1001
11111
010
110
1010
0011
0001
111100
1010
110
0001
101110
110
101110
0011
010
0111
11111
11100
1111010
110
1111011
1010
00001101
010
11101
110
1111011
0011
010
1010
11101
000010
110
1010
0110
11101
110
1001
11111
010
110
11100
1010
101101
00000
11111
1001
010
0011
110
0001
101110
110
00101
11111
1000
11100
11101
0011
010
0110
110
010
00101
11111
0001
010
11101
110
1001
11111
0011
0001
101101
00000
11111
110
1001
11111
010
110
0111
1001
0011
010
010
1001
0111
1011111
00001100
000011111
0111
110
1001
11111
010
110
0111
010
1010
0111
0001
0110
0111
110
00101
11111
1010
0110
00000
010
11101
000010
110
0111
0001
110
11101
1000
11101
110
1001
11111
010
110
11100
1010
0110
11101
0111
00101
1010
001000
010
1011111
110
1011110010
0110
110
0111
001000
0011
1000
0110
00000
000010
110
001001
1000
1111011
0011
1010
0110
1001
110
101110
11100
0001
101100
010
0011
0111
110
1010
11101
0001
0011
0110
010
11101
110
1001
11111
010
110
111100
010
1010
11101
0001
101100
0111
000010
110
1010
0110
11101
110
1001
11111
010
110
101110
0011
1010
00000
0011
1010
0110
00101
010
110
0001
101110
110
1111011
11100
0001
0111
0111
0001
111100
0111
110
101100
1010
101110
1001
010
11101
110
1001
11111
0011
0001
101101
00000
11111
110
1001
11111
010
110
1010
1000
0011
1011111
110
0000111010
101101
111100
111100
010
0011
110
1111011
0011
0001
101101
00000
11111
1001
110
11100
1000
001001
010
11100
1111010
110
101110
010
0111
1001
1000
001001
1010
11100
0111
110
101100
1000
1001
11111
110
111100
101101
0111
1000
00101
110
1010
0110
11101
110
11101
1010
0110
00101
010
000010
110
101100
11111
1000
11100
010
110
1010
101101
1001
101101
111100
0110
110
001000
1010
1000
0110
1001
010
11101
110
1001
11111
010
110
1001
0011
010
010
0111
110
1000
0110
110
11111
101101
010
0111
110
0001
101110
110
0011
010
11101
110
1010
0110
11101
110
00000
0001
11100
11101
1011111
110
1011110000
1000
0110
1001
010
0011
1011110001
0111
110
1010
0011
0011
1000
001001
1010
11100
110
1001
0011
1010
0110
0111
101110
0001
0011
111100
010
11101
110
1001
11111
010
110
001001
1000
11100
11100
1010
00000
010
110
1000
0110
1001
0001
110
1010
110
0111
0110
0001
101100
1111010
110
101100
0001
0110
11101
010
0011
11100
1010
0110
11101
000010
110
101100
1000
1001
11111
110
00101
0001
00001110110
1111010
110
101110
1000
0011
010
0111
110
101110
11100
1000
00101
00001101
010
0011
1000
0110
00000
110
1000
0110
110
010
001001
010
0011
1111010
110
11111
0001
111100
010
1011111
00001100
000011111
111100
1000
11101
0111
1001
110
1001
11111
1000
0111
110
1000
11101
1111010
11100
11100
1000
00101
110
0111
010
1001
1001
1000
0110
00000
000010
110
101110
0011
1000
010
0110
11101
0111
11111
1000
001000
0111
110
1111011
11100
0001
0111
0111
0001
111100
010
11101
000010
110
1010
0110
11101
110
1001
11111
010
110
1111011
0001
0110
11101
0111
110
1010
111100
0001
0110
00000
110
001001
1000
11100
11100
1010
00000
010
0011
0111
110
00000
0011
010
101100
110
0111
1001
0011
0001
0110
00000
010
0011
1011111
110
10111101
11111
010
1111010
110
00101
010
11100
010
1111011
0011
1010
1001
010
11101
110
010
1010
00101
11111
110
0001
1001
11111
010
0011
1011110001
0111
110
0111
101101
00101
00101
010
0111
0111
010
0111
110
1010
0110
11101
110
0111
101101
001000
001000
0001
0011
1001
010
11101
110
0001
0110
010
110
1010
0110
0001
1001
11111
010
0011
110
1000
0110
110
1001
1000
111100
010
0111
110
0001
101110
110
0110
010
010
11101
1011111
110
10111101
11111
010
110
001001
1000
11100
11100
1010
00000
010
110
1111011
010
00101
1010
111100
010
110
1010
110
00101
11100
0001
0111
010
10111100110
00001101
0110
1000
1001
110
1001
1010
001000
010
0111
1001
0011
1111010
110
0001
101110
110
11100
1000
001001
010
0111
110
1000
0110
1001
010
0011
101100
0001
001001
010
0110
110
101100
1000
1001
11111
110
0111
11111
1010
0011
010
11101
110
010
000011110
001000
010
0011
1000
010
0110
00101
010
0111
1011111
00001100
000011111
0111
110
1001
11111
010
110
1111010
010
1010
0011
0111
110
001000
1010
0111
0111
010
11101
000010
110
1001
11111
010
110
001001
1000
11100
11100
1010
00000
010
110
010
111100
1111011
0011
1010
00101
010
11101
110
111100
0001
11101
010
0011
0110
1000
1001
1111010
110
101100
1000
1001
11111
0001
101101
1001
110
11100
0001
0111
1000
0110
00000
110
1000
1001
0111
110
00101
11111
1010
0011
111100
1011111
110
10111101
010
00101
11111
0110
0001
11100
0001
00000
1111010
110
101110
0001
101101
0110
11101
110
1000
1001
0111
110
001000
11100
1010
00101
010
110
1010
11100
0001
0110
00000
0111
1000
11101
010
110
1001
0011
1010
11101
1000
1001
1000
0001
0110
000010
110
00101
0011
010
1010
1001
1000
0110
00000
110
1010
110
101101
0110
1000
000011100
101101
010
110
1111011
11100
010
0110
11101
110
0001
101110
110
0001
11100
11101
110
1010
0110
11101
110
0110
010
101100
1011111
110
10111101
11111
010
110
0001
0110
00101
010
110
0110
1010
0011
0011
0001
101100
110
001000
1010
1001
11111
0111
110
101100
1000
11101
010
0110
010
11101
110
1001
0001
110
1010
00101
00101
0001
111100
111100
0001
11101
1010
1001
010
110
001000
0011
0001
00000
0011
010
0111
0111
000010
110
1010
0110
11101
110
1001
11111
010
110
001001
1000
11100
11100
1010
00000
010
110
1111011
010
00101
1010
111100
010
110
1010
110
1111011
0011
1000
11101
00000
010
110
1111011
010
1001
101100
010
010
0110
110
1001
11111
010
110
001000
1010
0111
1001
110
1010
0110
11101
110
1001
11111
010
110
101110
101101
1001
101101
0011
010
1011111
00001100
10111101
11111
1000
0111
110
0110
1010
0011
0011
1010
1001
1000
001001
010
000010
110
101100
1000
1001
11111
110
1000
1001
0111
110
0011
1000
00101
11111
0110
010
0111
0111
110
1000
0110
110
11101
010
1001
1010
1000
11100
110
1010
0110
11101
110
11101
1000
001001
010
0011
0111
010
110
010
11100
010
111100
010
0110
1001
0111
000010
110
001000
0011
0001
001001
1000
11101
010
0111
110
1010
111100
001000
11100
010
110
111100
1010
1001
010
0011
1000
1010
11100
110
101110
0001
0011
110
00001110111
101101
101110
101110
111100
1010
0110
110
00101
0001
11101
1000
0110
00000
1011111
110
1011110000
11111
010
1001
11111
010
0011
110
00101
1010
001000
1001
101101
0011
1000
0110
00000
110
1001
11111
010
110
010
0111
0111
010
0110
00101
010
110
0001
101110
110
1001
11111
010
110
00101
11111
1010
0110
00000
1000
0110
00000
110
0111
010
1010
0111
0001
0110
0111
110
0001
0011
110
1001
11111
010
110
1000
0110
1001
0011
1000
00101
1010
1001
010
110
0011
010
11100
1010
1001
1000
0001
0110
0111
11111
1000
001000
0111
110
101100
1000
1001
11111
1000
0110
110
1001
11111
010
110
00101
0001
111100
111100
101101
0110
1000
1001
1111010
000010
110
1001
11111
010
110
1001
010
000011110
1001
110
0001
101110
101110
010
0011
0111
110
1010
110
00101
0001
111100
001000
0011
010
11111
010
0110
0111
1000
001001
010
110
1111011
1010
0111
1000
0111
110
101110
0001
0011
110
010
0110
00101
0001
11101
1000
0110
00000
1011111
00001100
